ambient[]={1.000000,1.000000,1.000000,1.000000};
diffuse[]={1.000000,1.000000,1.000000,1.000000};
forcedDiffuse[]={1.000000,0.390000,0.180000,0.000000};
emmisive[]={1.000000,0.392000,0.177000,0.000000};
specular[]={0.000000,0.000000,0.000000,0.000000};
specularPower=27.900000;
PixelShaderID="Normal";
VertexShaderID="Basic";
